1.000000 -5.000000 2.000000 4.000000 5.000000 604.000000 -643.000000 44.000000 1.000000 -5.000000 
 Maximum: 604.000000
 Minimum: -643.000000