1.000000 -5.000000 2.000000 1.000000 -5.000000 2.000000 1.000000 -5.000000 2.000000 1.000000 
 Maximum: 2.000000
 Minimum: -5.000000